2 0.4752883278879166 0.1051785070867581 0.12841724715020836 0.08410715988879933
2 0.4645488900082637 0.19766610744957783 0.040153527735416715 0.04823909255827137
2 0.42657219206062463 0.42068694519852584 0.03891833605604163 0.06224702885594056
2 0.6599217141933673 0.8254835394860777 0.17078919794763897 0.22765875244707062
2 0.3944941231033325 0.9604314914776616 0.048038762917777866 0.05163691106992587
2 0.21489950171242983 0.8621006627992062 0.039972996200277854 0.10755952885594056
2 0.5056920751350342 0.6435217552726595 0.07907317021222227 0.1776190577118811
2 0.4126148755718745 0.6178893274125109 0.08372430262104177 0.17622024881887377
2 0.3372895268823954 0.5338714806778884 0.02947060087368065 0.05879464664195542
2 0.2482841911106941 0.4003719891154088 0.06624455547083344 0.09598711179556503
2 0.453299652641701 0.3455951759612321 0.014498911094166544 0.01924107332097762
2 0.5049004798640275 0.24153266933781015 0.037863675911805575 0.016934528855940555
2 0.23222604606843728 0.2518352853945445 0.019295513867708357 0.02409226442797028
2 0.34458122891409704 0.22059023067788827 0.021185322188333355 0.03820932813030113