2 0.3275421026416375 0.16709681026762235 0.1554522106938169 0.2080249412027157
2 0.41456336720246056 0.9417482502271426 0.14146134134309046 0.0792448439616777
2 0.43992754121582356 0.8420414993226315 0.0348840773392725 0.04555151741285464
2 0.4491427406110935 0.38558678143480707 0.08639312802354446 0.17785940637700665
2 0.5383865066040938 0.4324407700148464 0.0643544960216353 0.16265048620519007
2 0.519880312579595 0.6137693351437088 0.08226815467854501 0.09175813206674696
2 0.5954114026495917 0.09450035674043479 0.047547709341181486 0.06026911465389258
2 0.6083439232575035 0.5263711544564427 0.03664657200827239 0.06282090456798421
2 0.6752121552355499 0.6844868696307336 0.05886701734563573 0.0936548247398008
2 0.565726972549369 0.8338870833346863 0.025363626670908877 0.0325601944820761
2 0.7476086072963198 0.2333094719601542 0.04774770401018138 0.0774566146538925
2 0.6759104945496872 0.8257702888980389 0.020567038669636162 0.022939533016686654