2 0.9124961686028211 0.5130675816746912 0.16613517202418074 0.18576633374611512
2 0.9635159653087285 0.2262247071914199 0.06976815467854465 0.09070208271265771
2 0.792484207948775 0.41445879962398724 0.0745829240133629 0.10185790653397539
2 0.6770495646085481 0.45989111600170673 0.08557496801399936 0.10705482878371626
2 0.6442472499602291 0.32313382464537793 0.1865385786919081 0.19452490363849115
2 0.5250710833068194 0.2198739298982269 0.10254429201145392 0.08910534946188076
2 0.29390180462286564 0.3365198126536658 0.17038632001909004 0.14848465756743262
2 0.22570524061109346 0.42010925454811393 0.09480451734563582 0.09499147642635145
2 0.17313312925686714 0.5716503298171736 0.102707924013363 0.10316784946188058
2 0.7884939525780041 0.6902036623204344 0.30632382001908987 0.15481604838564209
2 0.4814428792170963 0.8791376139347922 0.22887152936027136 0.20898981803034927