2 0.08328780542291161 0.60703125 0.13475073620994643 0.1203125
2 0.24734063057487857 0.41875 0.1977963054894186 0.1390625
2 0.2604520475053528 0.5203125 0.07709134890464338 0.071875
2 0.4495192445232167 0.359375 0.243501262074194 0.20625
2 0.6153441359851548 0.52734375 0.07865384890464319 0.071875
2 0.620830640208297 0.17890625 0.06569920783841657 0.05625
2 0.6344314536152744 0.4046875 0.04201766693047428 0.1015625
2 0.7371917069139797 0.6875 0.08909124373179385 0.0546875
2 0.8324647544858396 0.73984375 0.03962009263643722 0.1265625
2 0.7894395508705652 0.33515625 0.045568564264907255 0.0625
2 0.8421038981258558 0.265625 0.05908549498543501 0.04375