2 0.07443276141785975 0.6199185691636412 0.13572041868236293 0.12110036167271758
2 0.23779418539145186 0.4186386175670357 0.19060791335136287 0.14051620653952135
2 0.2522481314051331 0.5188786980993834 0.07267497867599956 0.07167868182494211
2 0.4385839787157705 0.3440193250579592 0.23355902936027134 0.2078602154367699
2 0.6068810874044968 0.4997387899632565 0.07423747867599957 0.07174234882113648
2 0.6067238093570898 0.15036087247277047 0.06311816534054522 0.05567167984777566
2 0.6241947620544066 0.3755372860089238 0.03710110534690845 0.10146434091247106
2 0.7313463800922685 0.6502096807619967 0.08655566534054522 0.05662668479069151
2 0.8272315920989499 0.6955447439941389 0.03270450668363552 0.12627333992388773
2 0.7772283080442252 0.2942660868837762 0.042914753341817755 0.06421900889724856
2 0.8287357167011347 0.22025824251126408 0.05674089600572714 0.044479511862998145