2 0.08030182978777764 0.44189712939029935 0.16060365957555528 0.18379425878059868
2 0.05274052745107627 0.15110850292686623 0.07707295269729175 0.08949883723582164
2 0.20420818921083303 0.357486288834828 0.07889002583555564 0.1004454275949013
2 0.31376372074597186 0.4175067043294809 0.08997299620027785 0.10675906010845856
2 0.36058678220072893 0.28572998438371017 0.19506184612402794 0.19173402380771334
2 0.490021668693611 0.196627098648699 0.10672408510611113 0.08810905405833439
2 0.7062071003049997 0.3416542940993853 0.17525718597979179 0.1463124394987579
2 0.7650352800165274 0.43263381810349044 0.09905705547083343 0.09431360226293624
2 0.8020053371028816 0.5899014174395605 0.10705139342673604 0.10217155405833438
2 0.17982055936746474 0.6331629997054125 0.312902656344514 0.15336239109776423
2 0.46366431003305486 0.8590634661351417 0.2376130220358334 0.20760446350286302