2 0.528125 0.8750524586310892 0.128125 0.08355790944452864
2 0.53515625 0.7820428020152309 0.0390625 0.047102258976990365
2 0.5640625 0.559218380372258 0.0390625 0.06272725897699054
2 0.3140625 0.15207908782499685 0.16875 0.22598175878059873
2 0.5734375 0.02261884680198728 0.046875 0.04523769360397456
2 0.7578125 0.12059117584638539 0.0390625 0.10647725897699045
2 0.47578125 0.3362944856602564 0.078125 0.1770170179539809
2 0.5703125 0.36230701893593953 0.0828125 0.17548178903121975
2 0.64921875 0.44778545580241885 0.0296875 0.057985216822512696
2 0.74375 0.581610489078102 0.065625 0.09569429508134383
2 0.54140625 0.6343501905789124 0.0140625 0.018831813231716586
2 0.49375 0.7377524465308408 0.0375 0.01740566861791084
2 0.76640625 0.7306974288714475 0.0203125 0.023555674668035032
2 0.6546875 0.7610348895456401 0.0203125 0.037618174668035034