2 0.6466472201421624 0.15836313345565917 0.16840560811666877 0.21326633225631958
2 0.6006776098841943 0.943701874621944 0.14578519867214013 0.08463218597979179
2 0.5699912121471307 0.8475542264455551 0.03777271077238851 0.04774782218833309
2 0.5374802566392993 0.3936849972471176 0.09791130093507654 0.1803797906531946
2 0.4512064133533535 0.45349771476204825 0.07595448770335977 0.16580814437666672
2 0.47907181723873726 0.6317311643252079 0.08647383118569749 0.09418771751493064
2 0.3765665242986927 0.12481097672989552 0.050354524004105096 0.06210126291777782
2 0.38654849483363857 0.5573325360004511 0.040997704722264314 0.06500805737069441
2 0.32776787159165927 0.7250843868741317 0.06460792154477701 0.09524107123840278
2 0.44494576035173256 0.8582761337399996 0.026753397540672096 0.03343074905006951
2 0.23190294321119112 0.28518804511850676 0.05201701795398091 0.07932513050895836
2 0.33476223927449367 0.8655275489182289 0.022002265027114644 0.02238414627652787