2 0.4953125 0.12109375 0.121875 0.071875
2 0.51015625 0.2125 0.0359375 0.04453125
2 0.55859375 0.43203125 0.03359375 0.059375
2 0.3453125 0.8609375 0.15078125 0.2125
2 0.61484375 0.971875 0.04296875 0.05546875
2 0.78984375 0.85078125 0.0296875 0.1046875
2 0.48984375 0.6625 0.06328125 0.17109375
2 0.58203125 0.62734375 0.06796875 0.16953125
2 0.653125 0.53515625 0.02421875 0.05625
2 0.73515625 0.39296875 0.05859375 0.090625
2 0.52890625 0.359375 0.0125 0.0171875
2 0.47265625 0.2609375 0.03671875 0.01328125
2 0.74453125 0.2421875 0.01796875 0.021875
2 0.63125 0.22265625 0.0171875 0.0359375