7 0.9210851805217676 0.11305419417075972 0.1452953610435351 0.22610838834151945
7 0.7908487555591449 0.27028007341154203 0.16388173458010194 0.24506855913900916
7 0.7976674238824681 0.5020566122866714 0.15616013817089805 0.26032968610347995
7 0.895604433252242 0.7029041747354496 0.20879113349551587 0.2239598465663967
7 0.7092786522160541 0.8906525394988112 0.16333631303532492 0.15131855913900907
7 0.46666845051885186 0.8292763536002191 0.14807492739850953 0.2130908130679508
7 0.5382924238824681 0.5141371970662438 0.2204408067888089 0.30081344499482016
7 0.3422986678323439 0.5404579102580289 0.17339308996629618 0.2689427067816442
7 0.41891727262936296 0.9495011164205007 0.10817611436318479 0.06752144789030438
7 0.24265825789683593 0.7412456224163568 0.1855385659621911 0.20858740363849115
7 0.09330367339148879 0.8591694846985192 0.1607658249391815 0.2464855099247977
7 0.33998919574527386 0.015451563896520118 0.06117384933607006 0.030903127793040237
7 0.26975448467829777 0.16699162003760126 0.2207135175611974 0.3339832400752025
7 0.2059288548952149 0.3381591637726856 0.13383971057599683 0.18274834160399783