7 0.4055764752465289 0.42456632950658346 0.07828073295387146 0.10155718281352524
7 0.45121230357401776 0.3594705701150433 0.05029210064862326 0.10822367688202608
7 0.22389582711296807 0.36717161806132725 0.11257391233702041 0.09827035672980174
7 0.2346094103117208 0.46900603209177216 0.08096935633066593 0.07668451680591382
7 0.09219976786020276 0.4428003122435589 0.09590460957707685 0.12725751977166339
7 0.02510554545634288 0.5878528270723066 0.05021109091268576 0.1305443458553869
7 0.06463032670922626 0.6804740671864747 0.08781937418757346 0.11131418479069169
7 0.09620583482690111 0.7947302267682954 0.09724892126547413 0.11482118676785795
7 0.0402514841749827 0.9129019066160711 0.0805029683499654 0.13669618676785794
7 0.36251840179030415 0.6550642544114431 0.07167617694751698 0.08099001482874754
7 0.34906778206695754 0.7547605068829012 0.11166597727182861 0.13570668973360736
7 0.3118114695677814 0.8765055142972749 0.06454551542127547 0.11973417984777583
7 0.6274752000860209 0.6825221150583967 0.08241485389503396 0.159497016805914
7 0.6736586789827024 0.7649552716744678 0.08624896590774292 0.20024935079830258
7 0.7127484525216528 0.7618010967696079 0.05769549756436802 0.08510451186299797
7 0.7684490276027307 0.7462596684047071 0.06583528003177204 0.10417284684397003
7 0.7946433348269011 0.7662710794694025 0.06942393019392804 0.1308626808363588
7 0.8634791095836676 0.803281648138752 0.061611430193927674 0.1305443458553867
7 0.6847888681050841 0.6192926031953986 0.06698867694751698 0.08079901384016441