7 0.14045192733670137 0.25087325135263544 0.28090385467340273 0.40481695870463463
7 0.44630738307440954 0.23103565539463355 0.2252948599917362 0.2166260680299077
7 0.28568674002892297 0.7527459287078162 0.16402874525034736 0.13468517735518085
7 0.5371576678405896 0.78845506735359 0.523990852392292 0.42308986529282
7 0.8738575808346173 0.8314843821212218 0.1907003480238892 0.13968176002545363
7 0.7805667481970481 0.575642367441086 0.4185733877271531 0.2657373720559974
7 0.35736694396048574 0.493353294716725 0.25462129692145863 0.3356851507001803
7 0.7481043127859373 0.3251969247692226 0.36130640159486127 0.28850216271481594
7 0.92525000066559 0.23504573412631236 0.14142639342673605 0.10318063868554458
7 0.9336398096518053 0.4453565254614486 0.11555487765916653 0.13255905601527207
7 0.8189668991263194 0.06735770011135851 0.08946384992375016 0.08539315467854491