7 0.06715568374322134 0.14570401217486462 0.13431136748644268 0.26953302434972926
7 0.2028421571068376 0.32076033360249456 0.1544703731437834 0.23392280681713337
7 0.2038359887835144 0.55283249391092 0.1483112767345796 0.24943871266133186
7 0.10668477459328027 0.7613114212654741 0.21336954918656054 0.20995920129724616
7 0.3055241911680876 0.9328844352670627 0.1586124515990063 0.1342311294658746
7 0.5458406398402278 0.8588326724799948 0.14178856596219108 0.2024546185055307
7 0.4632609857584523 0.5487661513766765 0.21102944535249044 0.28802965421934557
7 0.6592956484244347 0.5623452305149442 0.16398172852997775 0.25752394805083545
7 0.5974935225501767 0.9727688928552599 0.10662270472226432 0.05446221428948021
7 0.7659900342576418 0.7564146047025175 0.17925220452587265 0.19685918344033873
7 0.9192826850197676 0.8645697982891262 0.15292605386194252 0.2370205332781829
7 0.6436363705115047 0.030767948047540072 0.05960225897699054 0.040098894480112925
7 0.7185722171171003 0.17740321468663156 0.20973056576579943 0.3333148806803952
7 0.7886614824388025 0.3513004107088721 0.12912493949875792 0.17411143019392786