7 0.15693924864736453 0.14864970011373074 0.2629919906906352 0.18719488836446335
7 0.05079351764402377 0.3943521778706093 0.10158703528804754 0.12145318874502423
7 0.2767779392902747 0.32861572581689324 0.5502952800763601 0.5846561146756482
7 0.13581713196213813 0.6603538626613009 0.27163426392427625 0.2050827253226018
7 0.6255608846276381 0.31312596596824255 0.22983404535327168 0.15617038144438117
7 0.8873063592855022 0.38866577132890034 0.21956925469445315 0.21353721247102034
7 0.5931274559198219 0.6150731265386463 0.5378658160407255 0.32177411269848194
7 0.23744688387177862 0.948942848079699 0.2184056493475448 0.10211430384060201
7 0.553226972549369 0.8720527080223961 0.34535105203690736 0.2558945839552077
7 0.8471127852085057 0.9342383261209044 0.27374767735518085 0.13152334775819127
7 0.8317348752387316 0.7310960104544855 0.300564716024817 0.1949728962731289
7 0.9158746125875492 0.6204078612527881 0.15810559070654334 0.3000530326232447