7 0.13984375 0.3203125 0.16640625 0.15625
7 0.2125 0.45859375 0.090625 0.1546875
7 0.1296875 0.728125 0.18125 0.1671875
7 0.23125 0.60546875 0.11328125 0.134375
7 0.2734375 0.16953125 0.1 0.1296875
7 0.44765625 0.11796875 0.146875 0.11875
7 0.44375 0.24921875 0.0890625 0.115625
7 0.3953125 0.44453125 0.13125 0.18359375
7 0.509375 0.42109375 0.10859375 0.14921875
7 0.49921875 0.815625 0.08984375 0.16171875
7 0.56015625 0.665625 0.13359375 0.20859375
7 0.59765625 0.5453125 0.07734375 0.09609375
7 0.5734375 0.28828125 0.11328125 0.12421875
7 0.68046875 0.2421875 0.090625 0.1515625
7 0.74921875 0.184375 0.08515625 0.146875
7 0.9640625 0.7015625 0.071875 0.18125
7 0.9796875 0.9140625 0.040625 0.07578125