7 0.15872817032894007 0.7237994846435465 0.31745634065788014 0.1851044427116344
7 0.11427061124319995 0.3822210593173189 0.2285412224863999 0.31522720003181676
7 0.12552518573509275 0.06228182399745467 0.18332462852981452 0.12456364799490934
7 0.2960362625364123 0.1082023039863188 0.2016774749271754 0.2164046079726376
7 0.3873810810909687 0.8584813779440026 0.46406982633910115 0.27405894939526976
7 0.6214391470052286 0.6519206532463676 0.5472627595669113 0.23441574140672383
7 0.40803719121187604 0.41698422127627544 0.38014946740532807 0.2887021573838158
7 0.7522742391794474 0.20836046256368657 0.41951819279472174 0.19231805338954286
7 0.8085650062682062 0.05031488928232053 0.1203699874635877 0.10062977856464106
7 0.7436049666804122 0.47946330323045927 0.2577623388755136 0.1623203760343621
7 0.9096535155059133 0.43613892254141484 0.1664172395086517 0.40492495202099904
7 0.8183499362638182 0.8362849205522327 0.2197167695960413 0.14313402402927125
7 0.9324388314866802 0.6998468865372787 0.09811455423577727 0.15109088001272664