7 0.0671875 0.85546875 0.134375 0.2671875
7 0.2046875 0.6828125 0.15390625 0.23203125
7 0.20703125 0.45078125 0.146875 0.24765625
7 0.1109375 0.240625 0.2125 0.20703125
7 0.3109375 0.06953125 0.1578125 0.13828125
7 0.55078125 0.15078125 0.140625 0.20078125
7 0.46640625 0.459375 0.209375 0.28359375
7 0.6625 0.44921875 0.16328125 0.2546875
7 0.603125 0.03203125 0.10546875 0.0640625
7 0.7703125 0.25703125 0.178125 0.19375
7 0.92421875 0.1515625 0.1515625 0.234375
7 0.64375 0.98046875 0.06015625 0.0390625
7 0.71953125 0.83515625 0.2078125 0.3296875
7 0.790625 0.6625 0.12734375 0.171875