7 0.8733942360359528 0.7460379982875702 0.2532115279280944 0.3982245201359724
7 0.5761508974379043 0.7835139355985422 0.21491811736154426 0.21275849240055572
7 0.6816698126989076 0.25330171836795196 0.15772268801718106 0.13019925911805572
7 0.42749993336249864 0.22473573480111148 0.5048362347230884 0.42726262917777824
7 0.09068118602799871 0.20830476890170146 0.17808973201781736 0.13535953780340293
7 0.20763451806172445 0.4593971030578821 0.4075601507001803 0.2562942061157642
7 0.6370862080680878 0.516255006836945 0.23973739871099795 0.3320540062682641
7 0.265966828095132 0.7067819025447919 0.34849423337045293 0.2814747376509031
7 0.09062247744267679 0.8073598647413889 0.15425224267981757 0.1004390239356944
7 0.06475776941435991 0.5982206008736807 0.11553518801718102 0.12921733415618064
7 0.22212811079722128 0.9636825999237502 0.08526588534372674 0.07263480015249968