7 0.1703125 0.27421875 0.33203125 0.18046875
7 0.11796875 0.61640625 0.23515625 0.31171875
7 0.12734375 0.9375 0.1796875 0.125
7 0.29921875 0.890625 0.1953125 0.21875
7 0.4125 0.13671875 0.45625 0.26953125
7 0.640625 0.340625 0.53984375 0.22734375
7 0.4203125 0.578125 0.37109375 0.28515625
7 0.75859375 0.7828125 0.4140625 0.1875
7 0.81015625 0.9453125 0.1171875 0.109375
7 0.7578125 0.51171875 0.253125 0.16015625
7 0.92265625 0.553125 0.1546875 0.40234375
7 0.84296875 0.15390625 0.21640625 0.13984375
7 0.953125 0.2890625 0.09375 0.15