7 0.876989992807357 0.6360211139729908 0.17338733887551355 0.16920356826055957
7 0.8026084552646271 0.500272600748224 0.09829641066226813 0.16171031570031094
7 0.8823113609788372 0.22720755609460044 0.18933058762187222 0.1810511208772782
7 0.7819285792420951 0.3543531559957784 0.11958037727617317 0.1426718893637169
7 0.7453715829365117 0.7923760717384416 0.1053814849563052 0.13716534200867017
7 0.5709997202418149 0.8510516636765246 0.15198370031656908 0.1305204998588259
7 0.5734307352855097 0.7194376426298372 0.0940348079967011 0.12246580517696729
7 0.6201142040109858 0.5218577163638304 0.13978522868809903 0.193763952503779
7 0.5059069515037035 0.5504216030967113 0.11534751834239998 0.15802387357870132
7 0.5116147645814764 0.1548892952183209 0.096915767088759 0.16786931043863912
7 0.4526753367639424 0.3077937583160308 0.14363765439406198 0.21894596302712266
7 0.41630959092057757 0.429645642488663 0.0825062746106063 0.1015162683452644
7 0.4433196864600085 0.6855393267177649 0.11930759263643723 0.1332968893637169
7 0.336802913498755 0.7363499397731224 0.09820548244902269 0.15858531570031092
7 0.2689083713371715 0.7966496739175197 0.09181909012915472 0.15353379465362343
7 0.04830007383181869 0.28830436582736785 0.0803193004748537 0.18718075256024874
7 0.02959422327782272 0.07575115792074263 0.04441524122451137 0.07901964206513992