7 0.153125 0.6957689843561587 0.1765625 0.177471094568919
7 0.21640625 0.549114521258449 0.1015625 0.16685284200867018
7 0.11484375 0.2917486132671191 0.1921875 0.19088114718563745
7 0.22421875 0.4002219949500897 0.121875 0.1492859104104042
7 0.296875 0.8280215002823486 0.109375 0.14230786831702957
7 0.47421875 0.8567549030825937 0.1546875 0.13713452090551287
7 0.46171875 0.7270141951759685 0.096875 0.12751732622365458
7 0.39921875 0.5392481556428426 0.14375 0.20055998407380998
7 0.51484375 0.5481387662791257 0.11875 0.16316639988706055
7 0.47734375 0.15735414255925012 0.1015625 0.1731028420086702
7 0.5484375 0.29852590315318095 0.1484375 0.22583299985882563
7 0.59453125 0.4130287479338614 0.084375 0.10647678413027997
7 0.58828125 0.6719865189805488 0.121875 0.1383484104104042
7 0.69765625 0.7038974006635194 0.1015625 0.16372784200867016
7 0.7703125 0.7527906559957784 0.0953125 0.15867632096198267
7 0.94921875 0.21112055353435172 0.084375 0.19085178413027978
7 0.95 0.01908793859887879 0.0453125 0.03817587719775758