7 0.4109375 0.44453125 0.07265625 0.09609375
7 0.45390625 0.3796875 0.04453125 0.10546875
7 0.2265625 0.3859375 0.1078125 0.090625
7 0.2421875 0.48828125 0.07734375 0.07109375
7 0.0984375 0.4609375 0.0890625 0.1203125
7 0.03203125 0.60625 0.05859375 0.12578125
7 0.08359375 0.6984375 0.0828125 0.1046875
7 0.12109375 0.8125 0.09140625 0.10859375
7 0.05390625 0.93125 0.1078125 0.12890625
7 0.38046875 0.67421875 0.0671875 0.07578125
7 0.371875 0.77421875 0.10546875 0.128125
7 0.34140625 0.8953125 0.0578125 0.11484375
7 0.646875 0.70390625 0.07421875 0.15390625
7 0.69765625 0.7859375 0.0765625 0.19375
7 0.73671875 0.78359375 0.05390625 0.08125
7 0.79140625 0.76796875 0.0609375 0.1
7 0.81875 0.78828125 0.06328125 0.1265625
7 0.88984375 0.82578125 0.0546875 0.1265625
7 0.70078125 0.640625 0.06328125 0.0765625