7 0.8664519770050907 0.1621514410698918 0.2670960459898186 0.18592945140261463
7 0.9513277846912717 0.4171338568591322 0.09734443061745672 0.12090337334017516
7 0.7252454480028636 0.3278133233870574 0.5495091039942729 0.5828873063960255
7 0.8564930920392936 0.6755281398402279 0.2870138159214129 0.20478853571156996
7 0.38996411803786185 0.27665638612779464 0.23461245202099903 0.156041963502863
7 0.12097830804422524 0.3250994730690287 0.23059766136218046 0.21382719242562417
7 0.40054072807922364 0.5813029795119363 0.5474589920432708 0.3219134449597069
7 0.7306127727959486 0.948157639643836 0.221421561346272 0.09659424063022612
7 0.42171848344999463 0.8569796903825206 0.35483514003818006 0.28329533079291414
7 0.13701676678863076 0.8977011809145509 0.25519767202418076 0.17959763817089822
7 0.15782706409131397 0.6717835755283567 0.3022363040260897 0.19393284894328672
7 0.08300778274186017 0.5534608224050988 0.15659763470717997 0.2993283551898024