7 0.5768637475592244 0.41518134893851866 0.07781877461060631 0.10080558344622811
7 0.5373669900373772 0.3517263585494571 0.049966559250342255 0.1087066146538925
7 0.7636339733443297 0.35000897105564305 0.11205738229073817 0.09791960085908258
7 0.7434685743605441 0.45325347976207037 0.08021634890464338 0.07596935775648746
7 0.888727250066507 0.4206789179125683 0.09417120031656907 0.12662445499752567
7 0.9485388560972863 0.5634152945522485 0.06462009263643723 0.1297560990500603
7 0.8919729558598595 0.6576466514042248 0.08746655925034226 0.11067190637700648
7 0.8496143081297151 0.7729750802824688 0.09697795157021041 0.11585072930778502
7 0.9102442680797026 0.8875864569221488 0.11305759263643722 0.13229460085908257
7 0.5967202918323791 0.6442580173013128 0.07097774122451135 0.0801655348257091
7 0.6008418390085275 0.7438895251032289 0.11158602084968265 0.1353377137039528
7 0.6254433707452697 0.8635093063108936 0.06273934389007838 0.11873671189493037
7 0.3288053661264162 0.6832607208285004 0.08106344655564542 0.15869997060135788
7 0.27487873258203677 0.7672129969477822 0.08537051332783516 0.1994887449116174
7 0.23590716079528212 0.7661351758260262 0.05709709765100213 0.08567855042954128
7 0.1817197659681316 0.7518137262555673 0.06545516693047429 0.10483798620519007
7 0.15378498258203677 0.7735592514703381 0.06935305674305985 0.1315642605154494
7 0.0808643081297151 0.8132635606063066 0.05997805674305985 0.13107293758467123
7 0.27834837655125744 0.6211601905253471 0.06633570533113406 0.08148237336031983