7 0.16051713995863826 0.699214348711376 0.3210342799172765 0.2140713025772479
7 0.1238273039863188 0.35673027758961984 0.2476546079726376 0.33653944482076026
7 0.15013581265913672 0.05395383763009959 0.18722837468172657 0.10790767526019918
7 0.31907616931890975 0.10055884271848226 0.2087226613621805 0.2011176854369645
7 0.383014469883869 0.8348741304848672 0.47367604670590724 0.313710533694055
7 0.6242769112428678 0.6332828957500153 0.5545260573679075 0.28359366576080236
7 0.41935524327659357 0.39573638738227235 0.3894828600413618 0.3249136273170487
7 0.7699654126352742 0.1907568017883377 0.4258737986950896 0.23156641904016279
7 0.8319761586569095 0.044638094471733725 0.12478291868236298 0.08927618894346745
7 0.7519762919319122 0.4618472297620704 0.26295562802354444 0.18711265490666856
7 0.9132955999363667 0.42060035278370583 0.16726350938890633 0.4178912641334943
7 0.8141735632161418 0.8200857756690558 0.2252010893539083 0.1632723631835546
7 0.932861023233641 0.6850379890343244 0.10336245202099903 0.16001016508343396